0008310001|citibike	1939 	 35
0008310002|citibike	951 	 13
0008310003|citibike	1989 	 2
0008310005|citibike	1346 	 6
0008310009|citibike	287 	 1
0008310010|citibike	1247 	 6
0008310011|citibike	983 	 6
0008310013|citibike	1368 	 4
0008310014|citibike	1813 	 3
0008310016|citibike	1559 	 4
0008310017|citibike	948 	 20
0008310018|citibike	763 	 15
0008310019|citibike	799 	 14
0008310022|citibike	815 	 66
0008310023|citibike	697 	 48
0008310036|citibike	708 	 31
0008311211|citibike	707 	 16
1000100083|citibike	1658 	 1
1000110001|citibike	2130 	 23
1000110001|taxis	371 	 4451
1000110002|citibike	446 	 170486
1000110002|taxis	1556 	 238
1000110003|citibike	1224 	 35978
1000110003|taxis	749 	 1826
1000110004|citibike	722 	 129783
1000110004|taxis	1687 	 114
1000110005|citibike	1353 	 11654
1000110005|taxis	1761 	 53
1000110007|citibike	1294 	 9754
1000110007|taxis	1420 	 156
1000110009|citibike	1068 	 23251
1000110009|taxis	1044 	 497
1000110010|citibike	949 	 42451
1000110010|taxis	511 	 1721
1000110011|citibike	526 	 100690
1000110011|taxis	465 	 3131
1000110012|citibike	450 	 168565
1000110012|taxis	1018 	 289
1000110013|citibike	921 	 63656
1000110013|taxis	1330 	 330
1000110014|citibike	948 	 58325
1000110014|taxis	758 	 942
1000110016|citibike	1602 	 97686
1000110016|taxis	543 	 3258
1000110017|citibike	632 	 149381
1000110017|taxis	692 	 1611
1000110018|citibike	772 	 144512
1000110018|taxis	473 	 1455
1000110019|citibike	535 	 106058
1000110019|taxis	775 	 1956
1000110021|taxis	750 	 220725
1000110022|citibike	1262 	 41762
1000110022|taxis	1041 	 621
1000110023|citibike	983 	 99897
1000110023|taxis	1024 	 83
1000110024|taxis	867 	 52506
1000110028|taxis	1059 	 30080
1000110036|citibike	1274 	 32184
1000110036|taxis	543 	 1608
1000110038|citibike	631 	 181725
1000110038|taxis	1554 	 59
1000110065|taxis	1220 	 13430
1000110075|taxis	1180 	 45737
1000110280|citibike	1246 	 17265
1000110280|taxis	1486 	 30
1000110281|citibike	1200 	 9264
1000110281|taxis	1778 	 35
1000110282|citibike	1100 	 5550
1000110282|taxis	1247 	 49
1000111101|taxis	996 	 7901
1000111201|citibike	1339 	 8748
1000111201|taxis	2101 	 29
1000111205|citibike	1532 	 12611
1000111205|taxis	2288 	 7
1000111206|taxis	1749 	 4183
1000111211|citibike	1549 	 4385
1000111211|taxis	1895 	 20
1000111216|citibike	1693 	 14042
1000111216|taxis	2868 	 1
1000111217|citibike	2105 	 2975
1000111217|taxis	2282 	 10
1000111220|taxis	1732 	 4586
1000111221|taxis	2096 	 794
1000111222|taxis	2168 	 2834
1000111233|taxis	1636 	 5814
1000111238|citibike	2472 	 977
1000111238|taxis	2862 	 2
1000111251|taxis	1896 	 4415
1000200083|citibike	1848 	 101
1000210001|citibike	1511 	 2
1000210001|taxis	1423 	 191
1000210002|citibike	1139 	 29925
1000210002|taxis	431 	 5873
1000210003|citibike	439 	 42808
1000210003|taxis	650 	 1834
1000210004|citibike	524 	 64022
1000210004|taxis	827 	 220
1000210005|citibike	713 	 6819
1000210005|taxis	723 	 587
1000210007|citibike	685 	 8093
1000210007|taxis	667 	 486
1000210009|citibike	809 	 8942
1000210009|taxis	610 	 1639
1000210010|citibike	459 	 43296
1000210010|taxis	998 	 302
1000210011|citibike	707 	 21557
1000210011|taxis	1035 	 405
1000210012|citibike	921 	 31608
1000210012|taxis	511 	 1275
1000210013|citibike	531 	 30282
1000210013|taxis	569 	 1042
1000210014|citibike	630 	 25913
1000210014|taxis	832 	 557
1000210016|citibike	822 	 28602
1000210016|taxis	1184 	 498
1000210017|citibike	817 	 37487
1000210017|taxis	1314 	 163
1000210018|citibike	930 	 19261
1000210018|taxis	1485 	 69
1000210019|citibike	1293 	 9988
1000210019|taxis	1530 	 79
1000210021|taxis	1461 	 16702
1000210022|citibike	1108 	 7817
1000210022|taxis	1456 	 86
1000210023|citibike	1062 	 16090
1000210023|taxis	1809 	 11
1000210024|taxis	1520 	 6255
1000210028|taxis	1615 	 4712
1000210036|citibike	1172 	 7596
1000210036|taxis	2169 	 81
1000210038|citibike	1334 	 15551
1000210038|taxis	577 	 645
1000210065|taxis	643 	 13050
1000210075|taxis	1060 	 8355
1000210280|citibike	1086 	 4013
1000210280|taxis	1304 	 38
1000210281|citibike	830 	 3420
1000210281|taxis	1151 	 15
1000210282|citibike	867 	 954
1000210282|taxis	1180 	 29
1000211101|taxis	824 	 1745
1000211201|citibike	1227 	 3292
1000211201|taxis	1059 	 204
1000211205|citibike	848 	 11587
1000211205|taxis	1160 	 97
1000211206|taxis	928 	 5688
1000211211|citibike	890 	 12387
1000211211|taxis	951 	 195
1000211216|citibike	714 	 39454
1000211216|taxis	2276 	 1
1000211217|citibike	1057 	 5641
1000211217|taxis	1356 	 47
1000211220|taxis	1033 	 5740
1000211221|taxis	1405 	 624
1000211222|taxis	1244 	 6732
1000211233|taxis	822 	 11624
1000211238|citibike	1518 	 1553
1000211238|taxis	1514 	 25
1000211251|citibike	1286 	 6197
1000211251|taxis	953 	 13
1000300083|citibike	834 	 96
1000310001|citibike	1986 	 10
1000310001|taxis	780 	 1627
1000310002|citibike	812 	 136603
1000310002|taxis	675 	 2062
1000310003|citibike	636 	 86053
1000310003|taxis	388 	 6643
1000310004|citibike	390 	 161050
1000310004|taxis	1194 	 66
1000310005|citibike	920 	 10705
1000310005|taxis	1033 	 190
1000310007|citibike	868 	 12421
1000310007|taxis	1110 	 241
1000310009|citibike	799 	 21785
1000310009|taxis	447 	 4714
1000310010|citibike	463 	 99225
1000310010|taxis	479 	 1457
1000310011|citibike	470 	 93165
1000310011|taxis	491 	 3925
1000310012|citibike	568 	 145333
1000310012|taxis	445 	 2301
1000310013|citibike	475 	 113534
1000310013|taxis	851 	 840
1000310014|citibike	688 	 74259
1000310014|taxis	562 	 2254
1000310016|citibike	631 	 105378
1000310016|taxis	622 	 2036
1000310017|citibike	557 	 179990
1000310017|taxis	875 	 652
1000310018|citibike	747 	 89597
1000310018|taxis	1038 	 469
1000310019|citibike	976 	 43217
1000310019|taxis	1565 	 273
1000310021|taxis	1180 	 61612
1000310022|citibike	1084 	 32320
1000310022|taxis	1138 	 370
1000310023|citibike	932 	 77073
1000310023|taxis	1667 	 45
1000310024|taxis	1396 	 23245
1000310028|taxis	1441 	 16054
1000310036|citibike	1187 	 26276
1000310036|taxis	1163 	 260
1000310038|citibike	1063 	 54389
1000310038|taxis	1032 	 145
1000310065|taxis	826 	 18911
1000310075|taxis	1023 	 34331
1000310280|citibike	1111 	 14499
1000310280|taxis	1298 	 15
1000310281|citibike	1047 	 6358
1000310281|taxis	1328 	 25
1000310282|citibike	1008 	 2771
1000310282|taxis	2268 	 26
1000311101|taxis	935 	 5879
1000311201|citibike	1267 	 7127
1000311201|taxis	1492 	 115
1000311205|citibike	1175 	 19511
1000311205|taxis	2008 	 47
1000311206|taxis	1257 	 6295
1000311211|citibike	1310 	 9463
1000311211|taxis	1387 	 86
1000311216|taxis	1193 	 28982
1000311217|citibike	1450 	 5312
1000311217|taxis	1807 	 27
1000311220|taxis	1260 	 8089
1000311221|taxis	1667 	 1085
1000311222|taxis	1582 	 5174
1000311233|taxis	1228 	 8873
1000311238|citibike	1835 	 1422
1000311238|taxis	2049 	 14
1000311251|citibike	1419 	 7826
1000311251|taxis	1271 	 1
1000410001|citibike	1195 	 171
1000410001|taxis	1600 	 78
1000410002|citibike	1419 	 9497
1000410002|taxis	862 	 208
1000410003|citibike	778 	 7838
1000410003|taxis	1139 	 71
1000410004|citibike	1074 	 6613
1000410004|taxis	651 	 62
1000410005|citibike	452 	 3288
1000410005|taxis	279 	 185
1000410007|citibike	316 	 1828
1000410007|taxis	497 	 188
1000410009|citibike	553 	 5525
1000410009|taxis	1549 	 95
1000410010|citibike	897 	 5013
1000410010|taxis	1466 	 27
1000410011|citibike	1097 	 4392
1000410011|taxis	1622 	 88
1000410012|citibike	1140 	 6365
1000410012|taxis	1078 	 32
1000410013|citibike	1011 	 5649
1000410013|taxis	802 	 77
1000410014|citibike	763 	 9287
1000410014|taxis	1189 	 105
1000410016|citibike	954 	 6295
1000410016|taxis	1553 	 40
1000410017|citibike	1159 	 7613
1000410017|taxis	1705 	 39
1000410018|citibike	1151 	 8139
1000410018|taxis	1079 	 6
1000410019|citibike	1569 	 3592
1000410019|taxis	1973 	 33
1000410021|taxis	1714 	 7062
1000410022|citibike	1345 	 2256
1000410022|taxis	1881 	 17
1000410023|citibike	1425 	 5972
1000410023|taxis	2480 	 1
1000410024|taxis	1611 	 1634
1000410028|taxis	1779 	 1371
1000410036|citibike	1423 	 1925
1000410036|taxis	1770 	 14
1000410038|citibike	1619 	 7466
1000410038|taxis	459 	 196
1000410065|taxis	421 	 5838
1000410075|taxis	1293 	 2855
1000410280|citibike	1457 	 1126
1000410280|taxis	237 	 141
1000410281|citibike	456 	 2584
1000410281|taxis	415 	 148
1000410282|citibike	505 	 1381
1000410282|taxis	564 	 109
1000411101|taxis	629 	 2318
1000411201|citibike	1389 	 631
1000411201|taxis	1256 	 18
1000411205|citibike	902 	 3657
1000411205|taxis	1652 	 1
1000411206|taxis	1236 	 651
1000411211|citibike	1571 	 496
1000411211|taxis	1491 	 7
1000411216|taxis	1196 	 1877
1000411217|citibike	1403 	 445
1000411217|taxis	2823 	 3
1000411220|taxis	1183 	 823
1000411221|taxis	1270 	 232
1000411222|taxis	1635 	 294
1000411233|taxis	1283 	 604
1000411238|taxis	1837 	 132
1000411251|taxis	1403 	 755
1000510001|citibike	1227 	 28
1000510001|taxis	1429 	 28
1000510002|citibike	1404 	 8337
1000510002|taxis	775 	 531
1000510003|citibike	706 	 8974
1000510003|taxis	1241 	 138
1000510004|citibike	949 	 9478
1000510004|taxis	238 	 216
1000510005|citibike	372 	 2674
1000510005|taxis	306 	 356
1000510007|citibike	411 	 1944
1000510007|taxis	377 	 485
1000510009|citibike	568 	 5205
1000510009|taxis	1234 	 218
1000510010|citibike	732 	 5937
1000510010|taxis	1526 	 42
1000510011|citibike	1044 	 5759
1000510011|taxis	1327 	 44
1000510012|citibike	1074 	 7396
1000510012|taxis	980 	 76
1000510013|citibike	865 	 7970
1000510013|taxis	606 	 344
1000510014|citibike	713 	 12103
1000510014|taxis	1006 	 105
1000510016|citibike	905 	 7133
1000510016|taxis	1612 	 90
1000510017|citibike	1086 	 8567
1000510017|taxis	1832 	 32
1000510018|citibike	1129 	 8740
1000510018|taxis	1821 	 39
1000510019|citibike	1443 	 2870
1000510019|taxis	1909 	 20
1000510021|taxis	1607 	 5871
1000510022|citibike	1305 	 2306
1000510022|taxis	2075 	 11
1000510023|citibike	1316 	 7294
1000510023|taxis	2306 	 6
1000510024|taxis	1719 	 1417
1000510028|taxis	2030 	 1098
1000510036|citibike	1404 	 1810
1000510036|taxis	1782 	 15
1000510038|citibike	1570 	 5174
1000510038|taxis	327 	 369
1000510065|taxis	349 	 3556
1000510075|taxis	1299 	 2842
1000510280|citibike	1236 	 1059
1000510280|taxis	405 	 75
1000510281|citibike	486 	 2244
1000510281|taxis	894 	 92
1000510282|citibike	8916 	 776
1000510282|taxis	507 	 103
1000511101|taxis	668 	 1823
1000511201|citibike	1368 	 564
1000511201|taxis	1132 	 31
1000511205|citibike	777 	 3164
1000511205|taxis	1709 	 15
1000511206|taxis	1221 	 590
1000511211|citibike	1226 	 542
1000511211|taxis	1420 	 15
1000511216|taxis	1220 	 2536
1000511217|citibike	1580 	 373
1000511217|taxis	1593 	 5
1000511220|taxis	1135 	 782
1000511221|taxis	1193 	 191
1000511222|taxis	1866 	 272
1000511233|taxis	1243 	 603
1000511238|citibike	1745 	 87
1000511238|taxis	2247 	 7
1000511251|taxis	1336 	 780
1000700083|citibike	1186 	 32
1000710001|citibike	1640 	 3
1000710001|taxis	1360 	 124
1000710002|citibike	1077 	 20628
1000710002|taxis	769 	 469
1000710003|citibike	742 	 15164
1000710003|taxis	988 	 271
1000710004|citibike	879 	 15781
1000710004|taxis	477 	 217
1000710005|citibike	566 	 8349
1000710005|taxis	407 	 502
1000710007|citibike	563 	 5732
1000710007|taxis	392 	 905
1000710009|citibike	421 	 8805
1000710009|taxis	1321 	 161
1000710010|citibike	921 	 6763
1000710010|taxis	1238 	 41
1000710011|citibike	1020 	 8466
1000710011|taxis	1102 	 204
1000710012|citibike	754 	 19024
1000710012|taxis	580 	 316
1000710013|citibike	636 	 19821
1000710013|taxis	356 	 1176
1000710014|citibike	424 	 31138
1000710014|taxis	743 	 279
1000710016|citibike	597 	 20446
1000710016|taxis	1517 	 57
1000710017|citibike	1236 	 9853
1000710017|taxis	1693 	 49
1000710018|citibike	1349 	 10276
1000710018|taxis	1932 	 27
1000710019|citibike	1337 	 7822
1000710019|taxis	1733 	 55
1000710021|taxis	1453 	 15092
1000710022|citibike	1530 	 3009
1000710022|taxis	1952 	 11
1000710023|citibike	1474 	 8197
1000710023|taxis	2247 	 3
1000710024|taxis	1607 	 3289
1000710028|taxis	1524 	 2306
1000710036|citibike	1596 	 2475
1000710036|taxis	1576 	 44
1000710038|citibike	1338 	 14292
1000710038|taxis	380 	 522
1000710065|taxis	482 	 7745
1000710075|taxis	1394 	 3494
1000710280|citibike	1616 	 1265
1000710280|taxis	521 	 137
1000710281|citibike	506 	 6555
1000710281|taxis	383 	 168
1000710282|citibike	434 	 1251
1000710282|taxis	368 	 216
1000711101|taxis	448 	 2818
1000711201|citibike	1576 	 625
1000711201|taxis	970 	 196
1000711205|citibike	785 	 8421
1000711205|taxis	1447 	 39
1000711206|taxis	1069 	 1673
1000711211|citibike	1265 	 956
1000711211|taxis	1304 	 13
1000711216|taxis	1368 	 3483
1000711217|citibike	1305 	 977
1000711217|taxis	1345 	 26
1000711220|taxis	992 	 1662
1000711221|taxis	1283 	 280
1000711222|taxis	1564 	 683
1000711233|taxis	1425 	 962
1000711238|citibike	1711 	 273
1000711238|taxis	1787 	 25
1000711251|taxis	1237 	 1553
1000900083|citibike	1091 	 80
1000910001|citibike	1462 	 10
1000910001|taxis	1109 	 407
1000910002|citibike	1007 	 36832
1000910002|taxis	610 	 1596
1000910003|citibike	530 	 39212
1000910003|taxis	451 	 4529
1000910004|citibike	424 	 72330
1000910004|taxis	1296 	 99
1000910005|citibike	697 	 5383
1000910005|taxis	1199 	 237
1000910007|citibike	778 	 4833
1000910007|taxis	1135 	 166
1000910009|citibike	906 	 5259
1000910009|taxis	429 	 2263
1000910010|citibike	351 	 39886
1000910010|taxis	629 	 814
1000910011|citibike	576 	 29509
1000910011|taxis	851 	 982
1000910012|citibike	782 	 42493
1000910012|taxis	686 	 1206
1000910013|citibike	654 	 38073
1000910013|taxis	1007 	 423
1000910014|citibike	811 	 19357
1000910014|taxis	887 	 494
1000910016|citibike	850 	 26120
1000910016|taxis	604 	 1291
1000910017|citibike	658 	 48572
1000910017|taxis	970 	 436
1000910018|citibike	809 	 25473
1000910018|taxis	1243 	 148
1000910019|citibike	1210 	 10749
1000910019|taxis	1511 	 150
1000910021|taxis	1282 	 16074
1000910022|citibike	971 	 8582
1000910022|taxis	1193 	 195
1000910023|citibike	865 	 19922
1000910023|taxis	1733 	 13
1000910024|taxis	1428 	 6009
1000910028|taxis	1485 	 4226
1000910036|citibike	1121 	 7146
1000910036|taxis	1312 	 85
1000910038|citibike	1199 	 14839
1000910038|taxis	1343 	 103
1000910065|taxis	745 	 8089
1000910075|taxis	897 	 10227
1000910280|citibike	1151 	 4019
1000910280|taxis	1598 	 25
1000910281|citibike	810 	 1938
1000910281|taxis	3091 	 7
1000910282|citibike	792 	 684
1000910282|taxis	1375 	 32
1000911101|taxis	974 	 1104
1000911201|citibike	1120 	 2741
1000911201|taxis	1795 	 40
1000911205|citibike	1032 	 6636
1000911205|taxis	1595 	 7
1000911206|taxis	1252 	 2449
1000911211|citibike	1122 	 5531
1000911211|taxis	1231 	 61
1000911216|taxis	1034 	 16266
1000911217|citibike	1313 	 2838
1000911217|taxis	1892 	 12
1000911220|taxis	1342 	 3471
1000911221|taxis	1493 	 378
1000911222|taxis	1411 	 2930
1000911233|taxis	1155 	 5466
1000911238|citibike	1882 	 611
1000911238|taxis	2230 	 4
1000911251|taxis	1398 	 3450
1001000083|citibike	1085 	 50
1001010001|citibike	1094 	 10
1001010001|taxis	487 	 1549
1001010002|citibike	614 	 92013
1001010002|taxis	1157 	 300
1001010003|citibike	807 	 27439
1001010003|taxis	439 	 2022
1001010004|citibike	426 	 87540
1001010004|taxis	1643 	 26
1001010005|citibike	936 	 5459
1001010005|taxis	1444 	 47
1001010007|citibike	977 	 5313
1001010007|taxis	1432 	 45
1001010009|citibike	972 	 9917
1001010009|taxis	581 	 801
1001010010|citibike	564 	 34273
1001010010|taxis	417 	 798
1001010011|citibike	425 	 49945
1001010011|taxis	505 	 1202
1001010012|citibike	531 	 77012
1001010012|taxis	698 	 285
1001010013|citibike	630 	 43943
1001010013|taxis	1082 	 122
1001010014|citibike	882 	 27969
1001010014|taxis	751 	 402
1001010016|citibike	708 	 42165
1001010016|taxis	451 	 1517
1001010017|citibike	474 	 97041
1001010017|taxis	620 	 725
1001010018|citibike	594 	 72859
1001010018|taxis	699 	 486
1001010019|citibike	789 	 35814
1001010019|taxis	1176 	 225
1001010021|taxis	995 	 47105
1001010022|citibike	1010 	 20270
1001010022|taxis	910 	 185
1001010023|citibike	-2249 	 58763
1001010023|taxis	1309 	 29
1001010024|taxis	1212 	 15316
1001010028|taxis	1305 	 9347
1001010036|citibike	1135 	 15788
1001010036|taxis	885 	 270
1001010038|citibike	861 	 41351
1001010038|taxis	1466 	 34
1001010065|taxis	976 	 7816
1001010075|taxis	916 	 22996
1001010280|citibike	1036 	 8554
1001010280|taxis	1803 	 12
1001010281|citibike	1070 	 2959
1001010281|taxis	1457 	 14
1001010282|citibike	1126 	 1637
1001010282|taxis	1300 	 15
1001011101|taxis	1074 	 2829
1001011201|citibike	1152 	 3948
1001011201|taxis	1809 	 32
1001011205|citibike	1253 	 7159
1001011205|taxis	1959 	 5
1001011206|taxis	1586 	 1689
1001011211|citibike	1694 	 2075
1001011211|taxis	1648 	 28
1001011216|citibike	1420 	 7447
1001011216|taxis	2147 	 1
1001011217|citibike	1715 	 1227
1001011217|taxis	3031 	 4
1001011220|taxis	1384 	 2391
1001011221|taxis	2046 	 282
1001011222|taxis	1726 	 1254
1001011233|taxis	1411 	 2569
1001011238|citibike	1946 	 410
1001011238|taxis	1223 	 1
1001011251|taxis	1641 	 2167
1001100083|citibike	2295 	 94
1001110001|citibike	1184 	 2
1001110001|taxis	480 	 2951
1001110002|citibike	498 	 207725
1001110002|taxis	1177 	 427
1001110003|citibike	1146 	 41089
1001110003|taxis	520 	 3613
1001110004|citibike	576 	 147783
1001110004|taxis	1403 	 76
1001110005|citibike	1044 	 7889
1001110005|taxis	1370 	 69
1001110007|citibike	1124 	 8617
1001110007|taxis	1059 	 179
1001110009|citibike	801 	 23524
1001110009|taxis	901 	 915
1001110010|citibike	792 	 52940
1001110010|taxis	596 	 1148
1001110011|citibike	525 	 87900
1001110011|taxis	362 	 6310
1001110012|citibike	387 	 181127
1001110012|taxis	644 	 929
1001110013|citibike	681 	 89789
1001110013|taxis	903 	 526
1001110014|citibike	710 	 74244
1001110014|taxis	445 	 2712
1001110016|citibike	434 	 134483
1001110016|taxis	759 	 1082
1001110017|citibike	766 	 94535
1001110017|taxis	975 	 666
1001110018|citibike	904 	 64129
1001110018|taxis	710 	 1029
1001110019|citibike	688 	 79097
1001110019|taxis	1041 	 561
1001110021|taxis	901 	 112060
1001110022|citibike	1337 	 20803
1001110022|taxis	1364 	 164
1001110023|citibike	1131 	 48903
1001110023|taxis	1232 	 64
1001110024|taxis	951 	 34761
1001110028|taxis	1138 	 21911
1001110036|citibike	1382 	 16434
1001110036|taxis	845 	 578
1001110038|citibike	747 	 96916
1001110038|taxis	1291 	 56
1001110065|taxis	1030 	 11956
1001110075|taxis	1262 	 22629
1001110280|citibike	1344 	 9055
1001110280|taxis	1286 	 40
1001110281|citibike	1051 	 8565
1001110281|taxis	1564 	 30
1001110282|citibike	797 	 4368
1001110282|taxis	961 	 59
1001111101|taxis	763 	 8784
1001111201|citibike	1433 	 4680
1001111201|taxis	1887 	 14
1001111205|citibike	1349 	 12119
1001111205|taxis	2074 	 16
1001111206|taxis	1507 	 3588
1001111211|citibike	1646 	 5133
1001111211|taxis	1831 	 11
1001111216|citibike	1558 	 16814
1001111216|taxis	2141 	 1
1001111217|citibike	1784 	 2938
1001111217|taxis	2219 	 9
1001111220|taxis	1523 	 4623
1001111221|taxis	2033 	 755
1001111222|taxis	2004 	 2917
1001111233|taxis	1557 	 4991
1001111238|citibike	2132 	 780
1001111238|taxis	2195 	 2
1001111251|taxis	1646 	 4490
1001200083|citibike	1383 	 103
1001210001|citibike	1349 	 1
1001210001|taxis	1017 	 279
1001210002|citibike	891 	 66147
1001210002|taxis	529 	 1128
1001210003|citibike	606 	 47683
1001210003|taxis	422 	 2376
1001210004|citibike	461 	 90830
1001210004|taxis	1010 	 34
1001210005|citibike	816 	 6811
1001210005|taxis	817 	 90
1001210007|citibike	796 	 9198
1001210007|taxis	593 	 286
1001210009|citibike	578 	 21935
1001210009|taxis	577 	 1032
1001210010|citibike	604 	 42140
1001210010|taxis	846 	 257
1001210011|citibike	1049 	 38786
1001210011|taxis	638 	 901
1001210012|citibike	579 	 85958
1001210012|taxis	410 	 1059
1001210013|citibike	353 	 45080
1001210013|taxis	460 	 883
1001210014|citibike	489 	 55271
1001210014|taxis	519 	 1245
1001210016|citibike	542 	 75711
1001210016|taxis	958 	 403
1001210017|citibike	833 	 52746
1001210017|taxis	1093 	 91
1001210018|citibike	1049 	 31384
1001210018|taxis	1305 	 131
1001210019|citibike	1126 	 23084
1001210019|taxis	2020 	 71
1001210021|taxis	1308 	 39616
1001210022|citibike	1380 	 11800
1001210022|taxis	1644 	 59
1001210023|citibike	1197 	 29459
1001210023|taxis	2376 	 7
1001210024|taxis	1400 	 12397
1001210028|taxis	1516 	 8227
1001210036|citibike	1365 	 9588
1001210036|taxis	1412 	 42
1001210038|citibike	1190 	 34924
1001210038|taxis	680 	 177
1001210065|taxis	686 	 14088
1001210075|taxis	1325 	 13249
1001210280|citibike	1385 	 5199
1001210280|taxis	944 	 19
1001210281|citibike	779 	 5854
1001210281|taxis	1163 	 28
1001210282|citibike	816 	 2314
1001210282|taxis	846 	 24
1001211101|taxis	645 	 6227
1001211201|citibike	1521 	 3029
1001211201|taxis	1151 	 94
1001211205|citibike	948 	 14365
1001211205|taxis	1596 	 37
1001211206|taxis	1048 	 4674
1001211211|citibike	1148 	 6368
1001211211|taxis	1205 	 96
1001211216|citibike	1029 	 24146
1001211216|taxis	1891 	 1
1001211217|citibike	1037 	 3325
1001211217|taxis	1787 	 24
1001211220|taxis	1147 	 5477
1001211221|taxis	1552 	 674
1001211222|taxis	1540 	 3389
1001211233|taxis	1199 	 7191
1001211238|citibike	1751 	 859
1001211238|taxis	1875 	 7
1001211251|citibike	1048 	 5537
1001211251|taxis	1074 	 3
1001300083|citibike	1077 	 96
1001310001|citibike	1698 	 3
1001310001|taxis	1226 	 290
1001310002|citibike	956 	 58287
1001310002|taxis	649 	 1131
1001310003|citibike	684 	 35533
1001310003|taxis	766 	 737
1001310004|citibike	701 	 59588
1001310004|taxis	706 	 99
1001310005|citibike	708 	 10864
1001310005|taxis	573 	 370
1001310007|citibike	591 	 12346
1001310007|taxis	348 	 1408
1001310009|citibike	435 	 29202
1001310009|taxis	1027 	 404
1001310010|citibike	827 	 21373
1001310010|taxis	1159 	 116
1001310011|citibike	853 	 25817
1001310011|taxis	875 	 539
1001310012|citibike	648 	 69784
1001310012|taxis	499 	 930
1001310013|citibike	485 	 51007
1001310013|taxis	433 	 1910
1001310014|citibike	420 	 57514
1001310014|taxis	560 	 1049
1001310016|citibike	514 	 72254
1001310016|taxis	1411 	 158
1001310017|citibike	1097 	 31197
1001310017|taxis	1408 	 120
1001310018|citibike	1266 	 26287
1001310018|taxis	1402 	 97
1001310019|citibike	1145 	 22549
1001310019|taxis	1657 	 154
1001310021|taxis	1344 	 39340
1001310022|citibike	1567 	 8075
1001310022|taxis	1900 	 35
1001310023|citibike	1422 	 23238
1001310023|taxis	1888 	 11
1001310024|taxis	1353 	 10879
1001310028|taxis	1488 	 7629
1001310036|citibike	1599 	 6713
1001310036|taxis	1527 	 93
1001310038|citibike	1272 	 32439
1001310038|taxis	495 	 449
1001310065|taxis	561 	 17403
1001310075|taxis	1572 	 9353
1001310280|citibike	1621 	 3652
1001310280|taxis	669 	 169
1001310281|citibike	595 	 11592
1001310281|taxis	566 	 127
1001310282|citibike	626 	 4056
1001310282|taxis	368 	 262
1001311101|taxis	421 	 10471
1001311201|citibike	1558 	 1927
1001311201|taxis	1141 	 170
1001311205|citibike	851 	 16426
1001311205|taxis	1564 	 35
1001311206|taxis	984 	 4264
1001311211|citibike	1280 	 3898
1001311211|taxis	1220 	 68
1001311216|citibike	1107 	 14615
1001311216|taxis	1875 	 6
1001311217|citibike	1337 	 2684
1001311217|taxis	1460 	 41
1001311220|taxis	1012 	 4911
1001311221|taxis	1342 	 574
1001311222|taxis	1495 	 2222
1001311233|taxis	1254 	 4569
1001311238|citibike	1849 	 653
1001311238|taxis	1867 	 19
1001311251|citibike	1244 	 4878
1001311251|taxis	952 	 4
1001410001|citibike	975 	 124
1001410001|taxis	678 	 1077
1001410002|citibike	626 	 105542
1001410002|taxis	872 	 606
1001410003|citibike	912 	 38693
1001410003|taxis	578 	 2114
1001410004|citibike	638 	 96816
1001410004|taxis	1139 	 121
1001410005|citibike	947 	 7956
1001410005|taxis	1014 	 108
1001410007|citibike	893 	 8753
1001410007|taxis	749 	 260
1001410009|citibike	576 	 27397
1001410009|taxis	834 	 457
1001410010|citibike	852 	 32577
1001410010|taxis	762 	 438
1001410011|citibike	674 	 46569
1001410011|taxis	448 	 2841
1001410012|citibike	423 	 120421
1001410012|taxis	517 	 1225
1001410013|citibike	631 	 76953
1001410013|taxis	572 	 1080
1001410014|citibike	563 	 78678
1001410014|taxis	403 	 2725
1001410016|citibike	383 	 83718
1001410016|taxis	1137 	 331
1001410017|citibike	939 	 52439
1001410017|taxis	1232 	 186
1001410018|citibike	1073 	 38142
1001410018|taxis	914 	 253
1001410019|citibike	864 	 38018
1001410019|taxis	1277 	 300
1001410021|taxis	1071 	 65765
1001410022|citibike	1422 	 13395
1001410022|taxis	2408 	 62
1001410023|citibike	1274 	 31447
1001410023|taxis	1515 	 27
1001410024|taxis	1105 	 19227
1001410028|taxis	1220 	 13705
1001410036|citibike	1498 	 11079
1001410036|taxis	1138 	 267
1001410038|citibike	877 	 51933
1001410038|taxis	1098 	 90
1001410065|taxis	847 	 12391
1001410075|taxis	1395 	 14248
1001410280|citibike	1490 	 6282
1001410280|taxis	981 	 68
1001410281|citibike	724 	 9229
1001410281|taxis	871 	 70
1001410282|citibike	667 	 4961
1001410282|taxis	707 	 131
1001411101|taxis	572 	 10099
1001411201|citibike	1571 	 3220
1001411201|taxis	1826 	 32
1001411205|citibike	1142 	 12124
1001411205|taxis	1791 	 13
1001411206|taxis	1309 	 3492
1001411211|citibike	1480 	 4506
1001411211|taxis	1711 	 17
1001411216|taxis	1388 	 14974
1001411217|citibike	1585 	 2892
1001411217|taxis	1839 	 19
1001411220|taxis	1286 	 4889
1001411221|taxis	1574 	 584
1001411222|taxis	1686 	 2719
1001411233|taxis	1497 	 4399
1001411238|citibike	1951 	 866
1001411238|taxis	2249 	 7
1001411251|taxis	1523 	 4721
1001600083|citibike	1332 	 78
1001610001|citibike	873 	 32
1001610001|taxis	523 	 3364
1001610002|citibike	641 	 147402
1001610002|taxis	1180 	 550
1001610003|citibike	843 	 40069
1001610003|taxis	631 	 2261
1001610004|citibike	493 	 157783
1001610004|taxis	1288 	 24
1001610005|citibike	904 	 11945
1001610005|taxis	1619 	 57
1001610007|citibike	1000 	 9548
1001610007|taxis	1468 	 105
1001610009|citibike	1078 	 13139
1001610009|taxis	677 	 1084
1001610010|citibike	639 	 50670
1001610010|taxis	410 	 1667
1001610011|citibike	410 	 88249
1001610011|taxis	756 	 1159
1001610012|citibike	695 	 90431
1001610012|taxis	962 	 390
1001610013|citibike	776 	 54140
1001610013|taxis	1250 	 203
1001610014|citibike	969 	 33982
1001610014|taxis	1050 	 363
1001610016|citibike	887 	 48918
1001610016|taxis	416 	 4003
1001610017|citibike	712 	 137539
1001610017|taxis	457 	 1762
1001610018|citibike	446 	 138408
1001610018|taxis	592 	 1470
1001610019|citibike	697 	 62327
1001610019|taxis	884 	 828
1001610021|taxis	894 	 89895
1001610022|citibike	833 	 50736
1001610022|taxis	661 	 958
1001610023|citibike	597 	 157728
1001610023|taxis	1753 	 72
1001610024|taxis	1159 	 28734
1001610028|taxis	1286 	 17193
1001610036|citibike	928 	 39212
1001610036|taxis	691 	 654
1001610038|citibike	802 	 75876
1001610038|taxis	1507 	 78
1001610065|taxis	927 	 12963
1001610075|taxis	752 	 58469
1001610280|citibike	885 	 21039
1001610280|taxis	1732 	 5
1001610281|citibike	1150 	 4804
1001610281|taxis	2458 	 5
1001610282|citibike	1194 	 2305
1001610282|taxis	1556 	 14
1001611101|taxis	1162 	 3485
1001611201|citibike	991 	 9781
1001611201|taxis	1945 	 45
1001611205|citibike	1278 	 10501
1001611205|taxis	2112 	 12
1001611206|taxis	1485 	 2241
1001611211|citibike	1538 	 3138
1001611211|taxis	1716 	 14
1001611216|citibike	1426 	 11480
1001611216|taxis	2070 	 2
1001611217|citibike	1716 	 1482
1001611217|taxis	2083 	 23
1001611220|taxis	1469 	 3230
1001611221|taxis	1876 	 541
1001611222|taxis	1985 	 1644
1001611233|taxis	1140 	 4456
1001611238|citibike	2122 	 565
1001611238|taxis	2446 	 6
1001611251|taxis	1709 	 2654
1001700083|citibike	1456 	 78
1001710001|citibike	879 	 15
1001710001|taxis	653 	 1840
1001710002|citibike	767 	 129576
1001710002|taxis	1374 	 186
1001710003|citibike	1046 	 20682
1001710003|taxis	805 	 695
1001710004|citibike	707 	 74868
1001710004|taxis	1772 	 52
1001710005|citibike	1129 	 11332
1001710005|taxis	1894 	 51
1001710007|citibike	1163 	 8012
1001710007|taxis	1687 	 85
1001710009|citibike	1318 	 10982
1001710009|taxis	988 	 346
1001710010|citibike	795 	 27972
1001710010|taxis	647 	 861
1001710011|citibike	584 	 68692
1001710011|taxis	1019 	 631
1001710012|citibike	902 	 53110
1001710012|taxis	1486 	 90
1001710013|citibike	1024 	 29019
1001710013|taxis	1461 	 171
1001710014|citibike	1276 	 24777
1001710014|taxis	1234 	 213
1001710016|citibike	1109 	 30968
1001710016|taxis	476 	 1752
1001710017|citibike	459 	 126739
1001710017|taxis	475 	 680
1001710018|citibike	444 	 58160
1001710018|taxis	518 	 1756
1001710019|citibike	719 	 54978
1001710019|taxis	605 	 1690
1001710021|taxis	745 	 121797
1001710022|citibike	706 	 59729
1001710022|taxis	477 	 1211
1001710023|citibike	495 	 130808
1001710023|taxis	824 	 150
1001710024|taxis	1001 	 35984
1001710028|taxis	1116 	 19964
1001710036|citibike	814 	 41341
1001710036|taxis	512 	 1183
1001710038|citibike	692 	 85070
1001710038|taxis	1606 	 40
1001710065|taxis	1097 	 10428
1001710075|taxis	637 	 68911
1001710280|citibike	749 	 22977
1001710280|taxis	2023 	 14
1001710281|citibike	1279 	 4997
1001710281|taxis	2223 	 12
1001710282|citibike	1438 	 2784
1001710282|taxis	1776 	 33
1001711101|taxis	1357 	 3512
1001711201|citibike	1006 	 7637
1001711201|taxis	2048 	 55
1001711205|citibike	1416 	 8590
1001711205|taxis	2042 	 10
1001711206|taxis	1715 	 1348
1001711211|citibike	1706 	 1461
1001711211|taxis	1740 	 10
1001711216|taxis	1531 	 6642
1001711217|citibike	2061 	 1091
1001711217|taxis	2165 	 13
1001711220|taxis	1696 	 2427
1001711221|taxis	1878 	 410
1001711222|taxis	1867 	 800
1001711233|taxis	1184 	 2979
1001711238|citibike	2438 	 338
1001711238|taxis	2276 	 5
1001711251|taxis	1907 	 1833
1001800083|citibike	1887 	 50
1001810001|citibike	808 	 9
1001810001|taxis	400 	 1497
1001810002|citibike	488 	 90240
1001810002|taxis	1507 	 78
1001810003|citibike	1353 	 11870
1001810003|taxis	904 	 590
1001810004|citibike	829 	 39956
1001810004|taxis	1316 	 12
1001810005|citibike	1367 	 5169
1001810005|taxis	1806 	 42
1001810007|citibike	1365 	 3294
1001810007|taxis	1597 	 37
1001810009|citibike	1275 	 8105
1001810009|taxis	1149 	 168
1001810010|citibike	1106 	 12375
1001810010|taxis	586 	 654
1001810011|citibike	625 	 36811
1001810011|taxis	656 	 980
1001810012|citibike	566 	 64053
1001810012|taxis	1421 	 128
1001810013|citibike	1046 	 22407
1001810013|taxis	1340 	 105
1001810014|citibike	1091 	 20746
1001810014|taxis	896 	 254
1001810016|citibike	750 	 33239
1001810016|taxis	532 	 1425
1001810017|citibike	622 	 62247
1001810017|taxis	538 	 1415
1001810018|citibike	648 	 61702
1001810018|taxis	366 	 814
1001810019|citibike	492 	 52828
1001810019|taxis	549 	 1173
1001810021|taxis	598 	 131442
1001810022|citibike	1056 	 18737
1001810022|taxis	845 	 392
1001810023|citibike	814 	 55556
1001810023|taxis	766 	 71
1001810024|taxis	727 	 28793
1001810028|taxis	939 	 14511
1001810036|citibike	1116 	 13286
1001810036|taxis	415 	 818
1001810038|citibike	511 	 68547
1001810038|taxis	1520 	 18
1001810065|taxis	1298 	 4596
1001810075|taxis	1022 	 21184
1001810280|citibike	1087 	 7455
1001810280|taxis	1918 	 21
1001810281|citibike	1431 	 3462
1001810281|taxis	1712 	 3
1001810282|citibike	1182 	 2215
1001810282|taxis	1534 	 25
1001811101|taxis	1129 	 2496
1001811201|citibike	1295 	 3860
1001811201|taxis	2292 	 15
1001811205|citibike	1613 	 3970
1001811205|taxis	2544 	 6
1001811206|taxis	2032 	 1106
1001811211|citibike	1957 	 1408
1001811211|taxis	2502 	 8
1001811216|citibike	1700 	 4756
1001811216|taxis	2515 	 1
1001811217|citibike	2389 	 857
1001811217|taxis	2417 	 4
1001811220|taxis	1860 	 1508
1001811221|taxis	2579 	 326
1001811222|taxis	2183 	 1018
1001811233|taxis	1561 	 2134
1001811238|taxis	2574 	 381
1001811251|citibike	1942 	 1362
1001811251|taxis	2201 	 1
1001900083|citibike	1847 	 45
1001910001|citibike	1291 	 44
1001910001|taxis	744 	 1892
1001910002|citibike	737 	 208489
1001910002|taxis	1724 	 74
1001910003|citibike	1542 	 19798
1001910003|taxis	1273 	 332
1001910004|citibike	1123 	 62932
1001910004|taxis	1717 	 39
1001910005|citibike	1625 	 10542
1001910005|taxis	2015 	 19
1001910007|citibike	1602 	 7013
1001910007|taxis	1744 	 63
1001910009|citibike	1479 	 16867
1001910009|taxis	1482 	 108
1001910010|citibike	1264 	 20144
1001910010|taxis	1001 	 250
1001910011|citibike	969 	 48440
1001910011|taxis	1048 	 695
1001910012|citibike	884 	 99793
1001910012|taxis	1530 	 67
1001910013|citibike	1363 	 38866
1001910013|taxis	1531 	 209
1001910014|citibike	1417 	 37074
1001910014|taxis	1301 	 303
1001910016|citibike	1074 	 62152
1001910016|taxis	812 	 830
1001910017|citibike	863 	 96039
1001910017|taxis	561 	 1854
1001910018|citibike	715 	 129029
1001910018|taxis	557 	 1120
1001910019|citibike	673 	 111803
1001910019|taxis	410 	 3988
1001910021|taxis	479 	 247365
1001910022|citibike	758 	 70225
1001910022|taxis	532 	 1431
1001910023|citibike	629 	 143647
1001910023|taxis	403 	 400
1001910024|taxis	480 	 154015
1001910028|taxis	682 	 87199
1001910036|citibike	864 	 53052
1001910036|taxis	455 	 2185
1001910038|citibike	584 	 170371
1001910038|taxis	1503 	 15
1001910065|taxis	1563 	 8882
1001910075|taxis	732 	 64854
1001910280|citibike	849 	 27790
1001910280|taxis	1649 	 11
1001910281|citibike	1538 	 8233
1001910281|taxis	1626 	 29
1001910282|citibike	1474 	 5032
1001910282|taxis	1515 	 29
1001911101|taxis	1378 	 5994
1001911201|citibike	1181 	 10462
1001911201|taxis	2306 	 10
1001911205|citibike	1736 	 9182
1001911205|taxis	2575 	 5
1001911206|taxis	2010 	 1889
1001911211|citibike	2019 	 2544
1001911211|taxis	1843 	 11
1001911216|taxis	1876 	 9093
1001911217|citibike	2368 	 1485
1001911217|taxis	2751 	 2
1001911220|taxis	2185 	 2898
1001911221|taxis	2149 	 467
1001911222|taxis	2299 	 1565
1001911233|taxis	1429 	 4767
1001911238|taxis	2602 	 484
1001911251|taxis	2141 	 2476
1002110001|taxis	2124 	 48
1002110002|taxis	1324 	 39963
1002110003|taxis	1156 	 6944
1002110004|taxis	1151 	 25881
1002110005|taxis	1093 	 4187
1002110007|taxis	1152 	 3187
1002110009|taxis	1386 	 4262
1002110010|taxis	960 	 9250
1002110011|taxis	1077 	 19988
1002110012|taxis	1390 	 18895
1002110013|taxis	1445 	 11500
1002110014|taxis	1612 	 8139
1002110016|taxis	1565 	 11017
1002110017|taxis	957 	 45610
1002110018|taxis	806 	 65062
1002110019|taxis	1291 	 18497
1002110021|taxis	908 	 64834
1002110022|taxis	371 	 83715
1002110023|taxis	654 	 141728
1002110024|taxis	762 	 49929
1002110028|taxis	743 	 38346
1002110036|taxis	350 	 119036
1002110038|taxis	1126 	 31198
1002110065|taxis	1133 	 4783
1002110075|taxis	473 	 112107
1002110280|taxis	316 	 40541
1002110281|taxis	1327 	 1461
1002110282|taxis	1335 	 894
1002111101|taxis	1433 	 1255
1002111201|taxis	989 	 3928
1002111205|taxis	1512 	 3424
1002111206|taxis	1929 	 475
1002111211|taxis	1819 	 596
1002111216|taxis	1594 	 2832
1002111217|taxis	1803 	 288
1002111220|taxis	1729 	 899
1002111221|taxis	2563 	 133
1002111222|taxis	1946 	 287
1002111233|taxis	1327 	 1503
1002111238|taxis	2162 	 102
1002111251|taxis	1920 	 599
1002200083|citibike	1774 	 32
1002210001|citibike	737 	 28
1002210001|taxis	926 	 720
1002210002|citibike	949 	 104018
1002210002|taxis	1519 	 104
1002210003|citibike	1161 	 19244
1002210003|taxis	1063 	 412
1002210004|citibike	861 	 79118
1002210004|taxis	1447 	 6
1002210005|citibike	1185 	 9354
1002210005|taxis	2320 	 10
1002210007|citibike	1244 	 7831
1002210007|taxis	1841 	 7
1002210009|citibike	1435 	 10007
1002210009|taxis	1403 	 169
1002210010|citibike	896 	 24075
1002210010|taxis	874 	 207
1002210011|citibike	756 	 62357
1002210011|taxis	1306 	 141
1002210012|citibike	1090 	 51981
1002210012|taxis	1502 	 69
1002210013|citibike	1179 	 34172
1002210013|taxis	1873 	 67
1002210014|citibike	1449 	 23697
1002210014|taxis	1542 	 76
1002210016|citibike	1274 	 31331
1002210016|taxis	617 	 985
1002210017|citibike	575 	 158573
1002210017|taxis	443 	 1063
1002210018|citibike	457 	 141498
1002210018|taxis	913 	 538
1002210019|citibike	900 	 53130
1002210019|taxis	633 	 1319
1002210021|taxis	717 	 125525
1002210022|citibike	483 	 148794
1002210022|taxis	396 	 1020
1002210023|citibike	443 	 138160
1002210023|taxis	715 	 126
1002210024|taxis	840 	 64981
1002210028|taxis	954 	 37593
1002210036|citibike	605 	 98570
1002210036|taxis	713 	 429
1002210038|citibike	876 	 84683
1002210038|taxis	2180 	 5
1002210065|taxis	1211 	 9211
1002210075|taxis	454 	 121982
1002210280|citibike	550 	 56396
1002210280|taxis	2388 	 4
1002210281|citibike	1378 	 4653
1002210281|taxis	2204 	 4
1002210282|citibike	1409 	 2057
1002210282|taxis	2338 	 3
1002211101|taxis	1474 	 3259
1002211201|citibike	872 	 15224
1002211201|taxis	2382 	 10
1002211205|citibike	1503 	 9268
1002211205|taxis	2380 	 8
1002211206|taxis	1888 	 1305
1002211211|citibike	1579 	 1634
1002211211|taxis	2260 	 14
1002211216|taxis	1493 	 8621
1002211217|citibike	1908 	 948
1002211217|taxis	1656 	 1
1002211220|taxis	1713 	 2563
1002211221|taxis	1981 	 335
1002211222|taxis	1883 	 876
1002211233|taxis	1110 	 3899
1002211238|taxis	2490 	 342
1002211251|taxis	1913 	 1768
1002300083|citibike	1788 	 93
1002310001|citibike	1364 	 7
1002310001|taxis	971 	 96
1002310002|citibike	915 	 53229
1002310002|taxis	1756 	 5
1002310003|citibike	1642 	 5292
1002310003|taxis	1484 	 55
1002310004|citibike	1352 	 20787
1002310004|taxis	2455 	 3
1002310005|taxis	1759 	 1922
1002310007|citibike	1691 	 1433
1002310007|taxis	1887 	 1
1002310009|citibike	1395 	 5018
1002310009|taxis	2081 	 8
1002310010|citibike	1506 	 6138
1002310010|taxis	1202 	 36
1002310011|citibike	1218 	 15119
1002310011|taxis	1241 	 69
1002310012|citibike	1064 	 29797
1002310012|taxis	1785 	 3
1002310013|citibike	1544 	 10419
1002310013|taxis	2025 	 7
1002310014|citibike	1485 	 10580
1002310014|taxis	1401 	 22
1002310016|citibike	1178 	 16243
1002310016|taxis	1081 	 59
1002310017|citibike	1170 	 30025
1002310017|taxis	706 	 138
1002310018|citibike	968 	 44342
1002310018|taxis	803 	 60
1002310019|citibike	823 	 28892
1002310019|taxis	480 	 413
1002310021|taxis	508 	 164322
1002310022|citibike	768 	 54238
1002310022|taxis	697 	 144
1002310023|citibike	828 	 75544
1002310023|taxis	1188 	 27
1002310024|taxis	357 	 137864
1002310028|taxis	403 	 166260
1002310036|citibike	821 	 44274
1002310036|taxis	620 	 213
1002310038|citibike	675 	 68361
1002310038|taxis	2009 	 1
1002310065|taxis	1707 	 1746
1002310075|taxis	736 	 61881
1002310280|citibike	776 	 26084
1002310280|taxis	2098 	 2
1002310281|citibike	1619 	 1711
1002310281|taxis	2035 	 2
1002310282|citibike	1488 	 1086
1002310282|taxis	1598 	 1
1002311101|taxis	1497 	 1860
1002311201|citibike	1225 	 2752
1002311201|taxis	2415 	 1
1002311205|taxis	2017 	 2736
1002311206|taxis	2271 	 553
1002311211|taxis	2015 	 584
1002311216|taxis	1894 	 2476
1002311217|taxis	2599 	 367
1002311220|taxis	2131 	 970
1002311221|taxis	2356 	 172
1002311222|taxis	2276 	 372
1002311233|taxis	1702 	 1394
1002311238|taxis	2620 	 118
1002311251|taxis	2283 	 793
1002410001|taxis	2722 	 15
1002410002|taxis	1123 	 28523
1002410003|taxis	1658 	 3185
1002410004|taxis	1550 	 11463
1002410005|taxis	1745 	 1205
1002410007|taxis	1647 	 944
1002410009|taxis	1483 	 2982
1002410010|taxis	1553 	 3861
1002410011|taxis	1384 	 8262
1002410012|taxis	1197 	 16382
1002410013|taxis	1663 	 5632
1002410014|taxis	1520 	 6353
1002410016|taxis	1274 	 9528
1002410017|taxis	1379 	 15424
1002410018|taxis	1185 	 21461
1002410019|taxis	1052 	 13552
1002410021|taxis	732 	 82842
1002410022|taxis	777 	 37708
1002410023|taxis	1045 	 37193
1002410024|taxis	433 	 149077
1002410028|taxis	323 	 88925
1002410036|taxis	633 	 53443
1002410038|taxis	913 	 31606
1002410065|taxis	1619 	 1070
1002410075|taxis	951 	 31046
1002410280|taxis	632 	 28387
1002410281|taxis	1516 	 950
1002410282|taxis	1356 	 685
1002411101|taxis	1367 	 982
1002411201|taxis	1401 	 1408
1002411205|taxis	2008 	 1391
1002411206|taxis	2135 	 239
1002411211|taxis	2012 	 370
1002411216|taxis	1941 	 1398
1002411217|taxis	2581 	 238
1002411220|taxis	2149 	 562
1002411221|taxis	2213 	 91
1002411222|taxis	2230 	 234
1002411233|taxis	1675 	 734
1002411238|taxis	2589 	 59
1002411251|taxis	2286 	 403
1002810001|taxis	2026 	 24
1002810002|taxis	1365 	 29056
1002810003|taxis	1203 	 5417
1002810004|taxis	1184 	 18237
1002810005|taxis	1160 	 2784
1002810007|taxis	1221 	 2104
1002810009|taxis	1428 	 2966
1002810010|taxis	1042 	 7227
1002810011|taxis	1068 	 14031
1002810012|taxis	1428 	 12535
1002810013|taxis	1510 	 7588
1002810014|taxis	1607 	 5494
1002810016|taxis	1609 	 7923
1002810017|taxis	1028 	 31067
1002810018|taxis	934 	 37250
1002810019|taxis	1348 	 12260
1002810021|taxis	1020 	 46234
1002810022|taxis	423 	 109289
1002810023|taxis	787 	 82736
1002810024|taxis	808 	 46436
1002810028|taxis	609 	 58813
1002810036|taxis	358 	 88173
1002810038|taxis	1221 	 21780
1002810065|taxis	1146 	 2775
1002810075|taxis	611 	 86668
1002810280|taxis	354 	 43151
1002810281|taxis	1278 	 932
1002810282|taxis	1341 	 481
1002811101|taxis	1546 	 702
1002811201|taxis	1095 	 2887
1002811205|taxis	1455 	 2084
1002811206|taxis	1694 	 351
1002811211|taxis	1684 	 460
1002811216|taxis	1657 	 1974
1002811217|taxis	1879 	 265
1002811220|taxis	1915 	 648
1002811221|taxis	1857 	 119
1002811222|taxis	2027 	 242
1002811233|taxis	1464 	 969
1002811238|taxis	2344 	 49
1002811251|taxis	1878 	 432
1003600083|citibike	1831 	 22
1003610001|citibike	700 	 27
1003610001|taxis	502 	 1779
1003610002|citibike	557 	 174575
1003610002|taxis	1532 	 95
1003610003|citibike	1401 	 17603
1003610003|taxis	1032 	 357
1003610004|citibike	988 	 49053
1003610004|taxis	1879 	 15
1003610005|citibike	1516 	 9909
1003610005|taxis	1913 	 20
1003610007|citibike	1446 	 4961
1003610007|taxis	1704 	 75
1003610009|citibike	1319 	 13563
1003610009|taxis	1231 	 140
1003610010|citibike	1154 	 16684
1003610010|taxis	790 	 384
1003610011|citibike	793 	 38449
1003610011|taxis	809 	 793
1003610012|citibike	651 	 82721
1003610012|taxis	1451 	 68
1003610013|citibike	1168 	 29785
1003610013|taxis	1471 	 120
1003610014|citibike	1203 	 30099
1003610014|taxis	1100 	 330
1003610016|citibike	842 	 49277
1003610016|taxis	660 	 771
1003610017|citibike	784 	 70300
1003610017|taxis	504 	 1254
1003610018|citibike	645 	 82997
1003610018|taxis	382 	 906
1003610019|citibike	507 	 71433
1003610019|taxis	468 	 2207
1003610021|taxis	486 	 193048
1003610022|citibike	949 	 29372
1003610022|taxis	672 	 630
1003610023|citibike	734 	 79248
1003610023|taxis	645 	 157
1003610024|taxis	568 	 70615
1003610028|taxis	761 	 36970
1003610036|citibike	1030 	 23231
1003610036|taxis	407 	 1577
1003610038|citibike	465 	 104955
1003610038|taxis	1629 	 27
1003610065|taxis	1425 	 7238
1003610075|taxis	865 	 30775
1003610280|citibike	956 	 12199
1003610280|taxis	1776 	 12
1003610281|citibike	1390 	 7232
1003610281|taxis	1586 	 17
1003610282|citibike	1420 	 4509
1003610282|taxis	1411 	 41
1003611101|taxis	1255 	 4383
1003611201|citibike	1307 	 6906
1003611201|taxis	2312 	 15
1003611205|taxis	1662 	 6608
1003611206|taxis	1971 	 1659
1003611211|citibike	1934 	 2370
1003611211|taxis	2285 	 9
1003611216|taxis	1823 	 6856
1003611217|citibike	2026 	 1564
1003611217|taxis	3323 	 2
1003611220|taxis	1866 	 2324
1003611221|taxis	2136 	 603
1003611222|taxis	2225 	 1716
1003611233|taxis	1482 	 2938
1003611238|citibike	2639 	 740
1003611238|taxis	2709 	 2
1003611251|taxis	2083 	 2077
1003800083|citibike	2074 	 47
1003810001|citibike	1586 	 1
1003810001|taxis	1700 	 64
1003810002|citibike	1326 	 9845
1003810002|taxis	590 	 664
1003810003|citibike	606 	 15306
1003810003|taxis	1071 	 164
1003810004|citibike	892 	 11983
1003810004|taxis	429 	 235
1003810005|citibike	427 	 5362
1003810005|taxis	320 	 403
1003810007|citibike	392 	 2408
1003810007|taxis	348 	 475
1003810009|citibike	562 	 5036
1003810009|taxis	1159 	 140
1003810010|citibike	725 	 8257
1003810010|taxis	1427 	 27
1003810011|citibike	915 	 6330
1003810011|taxis	1222 	 59
1003810012|citibike	1015 	 7867
1003810012|taxis	653 	 211
1003810013|citibike	840 	 9439
1003810013|taxis	491 	 346
1003810014|citibike	624 	 13414
1003810014|taxis	928 	 123
1003810016|citibike	917 	 7522
1003810016|taxis	1558 	 78
1003810017|citibike	1076 	 9150
1003810017|taxis	1575 	 28
1003810018|citibike	1077 	 8975
1003810018|taxis	1640 	 7
1003810019|citibike	1488 	 3621
1003810019|taxis	2054 	 21
1003810021|taxis	1594 	 6146
1003810022|citibike	1191 	 2711
1003810022|taxis	1982 	 9
1003810023|citibike	1321 	 6619
1003810023|taxis	2145 	 5
1003810024|taxis	1695 	 1368
1003810028|taxis	1790 	 1009
1003810036|citibike	1277 	 2081
1003810036|taxis	1628 	 25
1003810038|citibike	1442 	 6460
1003810038|taxis	416 	 621
1003810065|taxis	427 	 6266
1003810075|taxis	1161 	 3351
1003810280|citibike	1290 	 1231
1003810280|taxis	595 	 66
1003810281|citibike	621 	 2225
1003810281|taxis	793 	 11
1003810282|citibike	621 	 653
1003810282|taxis	517 	 47
1003811101|taxis	764 	 1680
1003811201|citibike	1384 	 693
1003811201|taxis	1173 	 75
1003811205|citibike	712 	 5469
1003811205|taxis	1575 	 8
1003811206|taxis	964 	 1054
1003811211|citibike	1201 	 836
1003811211|taxis	1841 	 7
1003811216|taxis	1114 	 3075
1003811217|citibike	1382 	 730
1003811217|taxis	1198 	 15
1003811220|taxis	1095 	 1148
1003811221|taxis	1756 	 183
1003811222|taxis	1694 	 472
1003811233|taxis	1249 	 807
1003811238|citibike	2134 	 177
1003811238|taxis	1563 	 4
1003811251|taxis	1134 	 1154
1006510001|taxis	913 	 42
1006510002|taxis	1201 	 44519
1006510003|taxis	1105 	 7954
1006510004|taxis	1060 	 29716
1006510005|taxis	1066 	 4310
1006510007|taxis	1234 	 2698
1006510009|taxis	1467 	 3845
1006510010|taxis	944 	 10146
1006510011|taxis	925 	 22359
1006510012|taxis	1310 	 21406
1006510013|taxis	1335 	 12695
1006510014|taxis	1535 	 9309
1006510016|taxis	1490 	 12455
1006510017|taxis	788 	 54143
1006510018|taxis	651 	 74130
1006510019|taxis	1140 	 20244
1006510021|taxis	779 	 63816
1006510022|taxis	352 	 133704
1006510023|taxis	516 	 114545
1006510024|taxis	698 	 60542
1006510028|taxis	844 	 33489
1006510036|taxis	447 	 103314
1006510038|taxis	1018 	 34798
1006510065|taxis	1106 	 4015
1006510075|taxis	423 	 86921
1006510280|taxis	469 	 56329
1006510281|taxis	1419 	 1717
1006510282|taxis	1394 	 721
1006511101|taxis	1390 	 1221
1006511201|taxis	806 	 6926
1006511205|taxis	1599 	 3858
1006511206|taxis	1681 	 585
1006511211|taxis	1774 	 886
1006511216|taxis	1535 	 3389
1006511217|taxis	2109 	 387
1006511220|taxis	1995 	 1115
1006511221|taxis	1998 	 188
1006511222|taxis	2039 	 349
1006511233|taxis	1122 	 2210
1006511238|taxis	2259 	 141
1006511251|taxis	1920 	 804
1007510001|taxis	1673 	 46
1007510002|taxis	1321 	 16036
1007510003|taxis	1147 	 3125
1007510004|taxis	1154 	 10974
1007510005|taxis	1061 	 1573
1007510007|taxis	1260 	 1217
1007510009|taxis	1369 	 1521
1007510010|taxis	997 	 3884
1007510011|taxis	1065 	 8386
1007510012|taxis	1406 	 7494
1007510013|taxis	1437 	 4445
1007510014|taxis	1561 	 3284
1007510016|taxis	1625 	 4305
1007510017|taxis	937 	 18150
1007510018|taxis	841 	 24102
1007510019|taxis	1348 	 7064
1007510021|taxis	966 	 25021
1007510022|taxis	394 	 37572
1007510023|taxis	720 	 50495
1007510024|taxis	732 	 26395
1007510028|taxis	610 	 29519
1007510036|taxis	322 	 45468
1007510038|taxis	1177 	 11602
1007510065|taxis	1250 	 1840
1007510075|taxis	534 	 46816
1007510280|taxis	348 	 20573
1007510281|taxis	1199 	 615
1007510282|taxis	1310 	 299
1007511101|taxis	1557 	 460
1007511201|taxis	1082 	 1626
1007511205|taxis	1503 	 1267
1007511206|taxis	1765 	 185
1007511211|taxis	1689 	 225
1007511216|taxis	1492 	 975
1007511217|taxis	1929 	 103
1007511220|taxis	1730 	 342
1007511221|taxis	1972 	 41
1007511222|taxis	1977 	 114
1007511233|taxis	1249 	 516
1007511238|taxis	2344 	 46
1007511251|taxis	1873 	 214
1028010001|citibike	1765 	 13
1028010001|taxis	1483 	 36
1028010002|citibike	1128 	 8212
1028010002|taxis	1373 	 34
1028010003|citibike	852 	 3112
1028010003|taxis	1423 	 14
1028010004|citibike	1063 	 4267
1028010004|taxis	262 	 168
1028010005|citibike	394 	 3762
1028010005|taxis	432 	 52
1028010007|citibike	603 	 2418
1028010007|taxis	507 	 131
1028010009|citibike	489 	 5978
1028010009|taxis	2019 	 18
1028010010|citibike	892 	 1874
1028010010|taxis	1573 	 11
1028010011|citibike	1114 	 2929
1028010011|taxis	1324 	 37
1028010012|citibike	878 	 7088
1028010012|taxis	1055 	 28
1028010013|citibike	912 	 5190
1028010013|taxis	684 	 187
1028010014|citibike	577 	 11758
1028010014|taxis	1184 	 42
1028010016|citibike	799 	 7289
1028010016|taxis	1609 	 10
1028010017|citibike	1226 	 3571
1028010017|taxis	2054 	 24
1028010018|citibike	1255 	 4987
1028010018|taxis	1738 	 5
1028010019|citibike	1301 	 3033
1028010019|taxis	1777 	 30
1028010021|taxis	1582 	 6052
1028010022|citibike	1537 	 1152
1028010022|taxis	2873 	 1
1028010023|taxis	1466 	 3960
1028010024|taxis	1560 	 1437
1028010028|taxis	1673 	 899
1028010036|citibike	1758 	 764
1028010036|taxis	1955 	 4
1028010038|citibike	1529 	 5272
1028010038|taxis	578 	 55
1028010065|taxis	574 	 3147
1028010075|taxis	1360 	 1739
1028010280|citibike	1464 	 453
1028010280|taxis	735 	 41
1028010281|citibike	434 	 2326
1028010281|taxis	294 	 116
1028010282|citibike	327 	 623
1028010282|taxis	340 	 180
1028011101|taxis	533 	 1725
1028011201|citibike	2084 	 169
1028011201|taxis	1404 	 4
1028011205|citibike	872 	 1505
1028011205|taxis	1617 	 1
1028011206|taxis	1281 	 143
1028011211|taxis	1575 	 152
1028011216|taxis	1377 	 747
1028011217|citibike	1528 	 83
1028011217|taxis	1716 	 2
1028011220|taxis	1241 	 291
1028011221|taxis	1214 	 57
1028011222|taxis	1784 	 60
1028011233|taxis	1446 	 143
1028011238|taxis	2210 	 24
1028011251|taxis	1436 	 225
1028100083|citibike	1207 	 24
1028110001|citibike	2026 	 1
1028110001|taxis	1451 	 38
1028110002|citibike	1112 	 4816
1028110002|taxis	1258 	 37
1028110003|citibike	887 	 1620
1028110003|taxis	1245 	 39
1028110004|citibike	1132 	 2651
1028110004|taxis	392 	 130
1028110005|citibike	482 	 2520
1028110005|taxis	351 	 58
1028110007|citibike	560 	 1341
1028110007|taxis	390 	 128
1028110009|citibike	388 	 1802
1028110009|taxis	1711 	 2
1028110010|citibike	843 	 1166
1028110010|taxis	1560 	 6
1028110011|citibike	1053 	 1906
1028110011|taxis	1226 	 28
1028110012|citibike	911 	 4350
1028110012|taxis	1020 	 23
1028110013|citibike	775 	 3118
1028110013|taxis	522 	 184
1028110014|citibike	545 	 5549
1028110014|taxis	856 	 69
1028110016|citibike	646 	 4258
1028110016|taxis	1816 	 5
1028110017|citibike	1287 	 2283
1028110017|taxis	2026 	 23
1028110018|citibike	1347 	 2928
1028110018|taxis	1919 	 2
1028110019|citibike	1325 	 1984
1028110019|taxis	1878 	 16
1028110021|taxis	1518 	 4283
1028110022|citibike	1378 	 705
1028110022|taxis	2404 	 6
1028110023|taxis	1478 	 2285
1028110024|taxis	1366 	 1034
1028110028|taxis	1436 	 615
1028110036|citibike	1547 	 458
1028110036|taxis	1925 	 3
1028110038|citibike	1401 	 4102
1028110038|taxis	1153 	 19
1028110065|taxis	567 	 1355
1028110075|taxis	1348 	 835
1028110280|citibike	1402 	 271
1028110280|taxis	240 	 116
1028110281|citibike	505 	 1274
1028110281|taxis	892 	 17
1028110282|citibike	380 	 421
1028110282|taxis	223 	 92
1028111101|taxis	422 	 239
1028111201|citibike	1397 	 101
1028111201|taxis	1177 	 12
1028111205|taxis	891 	 875
1028111206|taxis	1167 	 104
1028111211|taxis	1506 	 62
1028111216|taxis	1361 	 413
1028111217|citibike	1729 	 42
1028111217|taxis	1217 	 1
1028111220|taxis	1254 	 159
1028111221|taxis	1171 	 21
1028111222|taxis	6722 	 34
1028111233|taxis	1436 	 83
1028111238|taxis	1917 	 13
1028111251|taxis	1384 	 131
1028210001|citibike	1159 	 4
1028210001|taxis	1448 	 37
1028210002|citibike	985 	 8062
1028210002|taxis	1236 	 16
1028210003|citibike	921 	 2204
1028210003|taxis	1210 	 50
1028210004|citibike	997 	 4945
1028210004|taxis	542 	 147
1028210005|citibike	541 	 3486
1028210005|taxis	520 	 97
1028210007|citibike	572 	 2889
1028210007|taxis	385 	 212
1028210009|citibike	486 	 3194
1028210009|taxis	1438 	 14
1028210010|citibike	914 	 1546
1028210010|taxis	1704 	 13
1028210011|citibike	1139 	 3455
1028210011|taxis	1296 	 71
1028210012|citibike	758 	 8416
1028210012|taxis	1134 	 35
1028210013|citibike	803 	 6198
1028210013|taxis	403 	 287
1028210014|citibike	451 	 13366
1028210014|taxis	797 	 131
1028210016|citibike	545 	 9076
1028210016|taxis	1736 	 10
1028210017|citibike	1220 	 3559
1028210017|taxis	1779 	 13
1028210018|citibike	1287 	 5059
1028210018|taxis	1525 	 22
1028210019|citibike	1244 	 2904
1028210019|taxis	1781 	 26
1028210021|taxis	1404 	 6992
1028210022|citibike	1451 	 1187
1028210022|taxis	2369 	 2
1028210023|taxis	1472 	 4249
1028210024|taxis	1387 	 1704
1028210028|taxis	1578 	 1080
1028210036|citibike	1551 	 733
1028210036|taxis	1509 	 39
1028210038|citibike	1314 	 4769
1028210038|taxis	580 	 49
1028210065|taxis	617 	 2583
1028210075|taxis	1542 	 1626
1028210280|citibike	1720 	 474
1028210280|taxis	340 	 168
1028210281|citibike	371 	 2169
1028210281|taxis	188 	 69
1028210282|citibike	307 	 259
1028210282|taxis	589 	 14
1028211101|taxis	498 	 1011
1028211201|citibike	1689 	 117
1028211201|taxis	1036 	 5
1028211205|taxis	1083 	 1259
1028211206|taxis	1746 	 179
1028211211|citibike	1579 	 85
1028211211|taxis	1424 	 9
1028211216|taxis	1409 	 513
1028211217|taxis	1543 	 62
1028211220|taxis	1250 	 265
1028211221|taxis	1220 	 26
1028211222|taxis	1894 	 55
1028211233|taxis	1614 	 118
1028211238|taxis	1982 	 22
1028211251|taxis	1425 	 181
1110110001|taxis	1554 	 6
1110110002|taxis	1282 	 2296
1110110003|taxis	1256 	 888
1110110004|taxis	1187 	 1652
1110110005|taxis	1528 	 246
1110110007|taxis	1375 	 186
1110110009|taxis	1413 	 220
1110110010|taxis	1115 	 854
1110110011|taxis	1111 	 1060
1110110012|taxis	1346 	 1207
1110110013|taxis	1356 	 669
1110110014|taxis	1665 	 569
1110110016|taxis	1422 	 652
1110110017|taxis	908 	 2742
1110110018|taxis	1023 	 2556
1110110019|taxis	1211 	 1111
1110110021|taxis	1252 	 2633
1110110022|taxis	779 	 1886
1110110023|taxis	834 	 4690
1110110024|taxis	1259 	 1084
1110110028|taxis	1233 	 596
1110110036|taxis	993 	 1329
1110110038|taxis	1360 	 1968
1110110065|taxis	1693 	 313
1110110075|taxis	712 	 3523
1110110280|taxis	800 	 782
1110110281|taxis	2081 	 112
1110110282|taxis	1339 	 43
1110111101|taxis	1432 	 45
1110111201|taxis	555 	 34876
1110111205|taxis	1439 	 608
1110111206|taxis	1152 	 291
1110111211|taxis	1248 	 702
1110111216|taxis	977 	 2646
1110111217|taxis	1373 	 270
1110111220|taxis	1463 	 288
1110111221|taxis	3137 	 56
1110111222|taxis	1347 	 378
1110111233|taxis	525 	 3314
1110111238|taxis	1776 	 97
1110111251|taxis	1361 	 328
1120110001|citibike	1243 	 15
1120110001|taxis	2249 	 27
1120110002|citibike	1460 	 4052
1120110002|taxis	1080 	 239
1120110003|citibike	888 	 4479
1120110003|taxis	1568 	 114
1120110004|citibike	1190 	 5201
1120110004|taxis	940 	 22
1120110005|citibike	929 	 1187
1120110005|taxis	1045 	 51
1120110007|citibike	1045 	 1221
1120110007|taxis	993 	 192
1120110009|citibike	713 	 4578
1120110009|taxis	1594 	 41
1120110010|citibike	954 	 2281
1120110010|taxis	1466 	 26
1120110011|citibike	1269 	 2944
1120110011|taxis	1859 	 36
1120110012|citibike	1298 	 3572
1120110012|taxis	1266 	 102
1120110013|citibike	911 	 4106
1120110013|taxis	1199 	 179
1120110014|citibike	807 	 6572
1120110014|taxis	1508 	 34
1120110016|citibike	1162 	 3032
1120110016|taxis	2071 	 56
1120110017|citibike	1293 	 3891
1120110017|taxis	2061 	 55
1120110018|citibike	1359 	 4715
1120110018|taxis	2192 	 37
1120110019|citibike	1571 	 1448
1120110019|taxis	2627 	 19
1120110021|taxis	1714 	 2787
1120110022|citibike	1637 	 1204
1120110022|taxis	2178 	 35
1120110023|citibike	1502 	 3776
1120110023|taxis	43023 	 1
1120110024|taxis	1866 	 717
1120110028|taxis	2003 	 562
1120110036|citibike	1644 	 754
1120110036|taxis	2462 	 7
1120110038|citibike	1549 	 2802
1120110038|taxis	1069 	 121
1120110065|taxis	706 	 2410
1120110075|taxis	1482 	 1615
1120110280|citibike	1574 	 480
1120110280|taxis	1176 	 4
1120110281|citibike	910 	 507
1120110281|taxis	1055 	 9
1120110282|citibike	923 	 258
1120110282|taxis	1012 	 13
1120111101|taxis	1219 	 465
1120111201|citibike	1321 	 802
1120111201|taxis	423 	 4133
1120111205|citibike	470 	 23481
1120111205|taxis	581 	 1332
1120111206|taxis	501 	 8413
1120111211|citibike	945 	 2553
1120111211|taxis	1667 	 131
1120111216|citibike	870 	 8286
1120111216|taxis	1229 	 53
1120111217|citibike	1014 	 2753
1120111217|taxis	559 	 852
1120111220|taxis	595 	 7807
1120111221|taxis	1017 	 654
1120111222|taxis	1161 	 1698
1120111233|taxis	865 	 2016
1120111238|citibike	1237 	 730
1120111238|taxis	816 	 174
1120111251|citibike	756 	 4877
1120111251|taxis	436 	 119
1120510001|citibike	885 	 467
1120510001|taxis	2018 	 9
1120510002|citibike	1578 	 352
1120510002|taxis	1230 	 101
1120510003|citibike	841 	 610
1120510003|taxis	1737 	 38
1120510004|citibike	1101 	 520
1120510004|taxis	1089 	 12
1120510005|citibike	1109 	 63
1120510005|taxis	1610 	 9
1120510007|citibike	1001 	 78
1120510007|taxis	1411 	 30
1120510009|citibike	862 	 188
1120510009|taxis	1557 	 14
1120510010|citibike	1032 	 340
1120510010|taxis	2111 	 6
1120510011|citibike	1356 	 152
1120510011|taxis	1863 	 12
1120510012|citibike	1340 	 339
1120510012|taxis	1617 	 32
1120510013|citibike	1251 	 392
1120510013|taxis	1953 	 50
1120510014|citibike	905 	 444
1120510014|taxis	1934 	 15
1120510016|citibike	1237 	 265
1120510016|taxis	2154 	 11
1120510017|citibike	1397 	 243
1120510017|taxis	2016 	 6
1120510018|citibike	1381 	 162
1120510018|taxis	2133 	 2
1120510019|citibike	2463 	 112
1120510019|taxis	2209 	 7
1120510021|taxis	1760 	 140
1120510022|citibike	1627 	 68
1120510022|taxis	2307 	 6
1120510023|taxis	1507 	 125
1120510024|taxis	1786 	 76
1120510028|taxis	2243 	 48
1120510036|citibike	1704 	 51
1120510036|taxis	2353 	 1
1120510038|citibike	1646 	 152
1120510038|taxis	1319 	 8
1120510065|taxis	908 	 125
1120510075|taxis	1496 	 80
1120510280|citibike	1418 	 29
1120510280|taxis	1782 	 3
1120510281|taxis	1220 	 22
1120510282|citibike	1149 	 8
1120510282|taxis	2397 	 1
1120511101|taxis	1029 	 11
1120511201|citibike	1147 	 117
1120511201|taxis	522 	 1426
1120511205|citibike	508 	 3764
1120511205|taxis	370 	 690
1120511206|taxis	415 	 1934
1120511211|citibike	727 	 1249
1120511211|taxis	900 	 159
1120511216|citibike	682 	 3081
1120511216|taxis	524 	 57
1120511217|citibike	459 	 1365
1120511217|taxis	642 	 436
1120511220|taxis	473 	 1569
1120511221|taxis	1269 	 96
1120511222|taxis	625 	 1000
1120511233|taxis	811 	 543
1120511238|citibike	875 	 468
1120511238|taxis	606 	 276
1120511251|citibike	409 	 1690
1120511251|taxis	318 	 8
1120610001|taxis	376 	 56
1120610002|taxis	1704 	 288
1120610003|taxis	1085 	 892
1120610004|taxis	1609 	 481
1120610005|taxis	1357 	 35
1120610007|taxis	1379 	 54
1120610009|taxis	1374 	 52
1120610010|taxis	1284 	 464
1120610011|taxis	1493 	 123
1120610012|taxis	1580 	 268
1120610013|taxis	1293 	 280
1120610014|taxis	1325 	 228
1120610016|taxis	1948 	 224
1120610017|taxis	1422 	 209
1120610018|taxis	1493 	 103
1120610019|taxis	1816 	 96
1120610021|taxis	1839 	 175
1120610022|taxis	1433 	 63
1120610023|taxis	1573 	 88
1120610024|taxis	1671 	 72
1120610028|taxis	1978 	 54
1120610036|taxis	1708 	 60
1120610038|taxis	1818 	 153
1120610065|taxis	1402 	 79
1120610075|taxis	1443 	 80
1120610280|taxis	1755 	 34
1120610281|taxis	1427 	 13
1120610282|taxis	1338 	 5
1120611101|taxis	1628 	 9
1120611201|taxis	1000 	 276
1120611205|taxis	1092 	 804
1120611206|taxis	601 	 1200
1120611211|taxis	374 	 4359
1120611216|taxis	560 	 5231
1120611217|taxis	597 	 1354
1120611220|taxis	1006 	 444
1120611221|taxis	1425 	 77
1120611222|taxis	624 	 2901
1120611233|taxis	690 	 2019
1120611238|taxis	722 	 575
1120611251|taxis	1043 	 854
1121110001|citibike	701 	 39
1121110001|taxis	2002 	 10
1121110002|citibike	1712 	 2698
1121110002|taxis	960 	 176
1121110003|citibike	863 	 9920
1121110003|taxis	1558 	 79
1121110004|citibike	1240 	 6213
1121110004|taxis	1349 	 7
1121110005|citibike	1391 	 413
1121110005|taxis	1447 	 23
1121110007|citibike	1248 	 540
1121110007|taxis	1366 	 15
1121110009|citibike	1222 	 753
1121110009|taxis	992 	 83
1121110010|citibike	1023 	 5297
1121110010|taxis	1744 	 16
1121110011|citibike	1353 	 1630
1121110011|taxis	1955 	 20
1121110012|citibike	1562 	 3247
1121110012|taxis	1185 	 108
1121110013|citibike	1178 	 4142
1121110013|taxis	1643 	 79
1121110014|citibike	1164 	 2713
1121110014|taxis	1634 	 11
1121110016|citibike	1517 	 2720
1121110016|taxis	1784 	 27
1121110017|citibike	1504 	 2600
1121110017|taxis	2065 	 12
1121110018|citibike	1542 	 1429
1121110018|taxis	2635 	 4
1121110019|citibike	1666 	 973
1121110019|taxis	3988 	 3
1121110021|taxis	1912 	 1790
1121110022|citibike	1464 	 745
1121110022|taxis	2006 	 13
1121110023|taxis	1545 	 1257
1121110024|taxis	1827 	 766
1121110028|taxis	2167 	 633
1121110036|citibike	1625 	 768
1121110036|taxis	2190 	 2
1121110038|citibike	1700 	 1526
1121110038|taxis	1299 	 6
1121110065|taxis	1251 	 837
1121110075|taxis	1403 	 900
1121110280|taxis	1490 	 384
1121110281|taxis	1736 	 223
1121110282|citibike	1478 	 55
1121110282|taxis	1520 	 13
1121111101|taxis	1456 	 95
1121111201|citibike	957 	 2310
1121111201|taxis	1296 	 115
1121111205|citibike	891 	 6322
1121111205|taxis	826 	 126
1121111206|taxis	716 	 5301
1121111211|citibike	644 	 14006
1121111211|taxis	465 	 695
1121111216|citibike	446 	 38643
1121111216|taxis	1303 	 11
1121111217|citibike	910 	 5519
1121111217|taxis	2870 	 26
1121111220|taxis	1113 	 3075
1121111221|taxis	1822 	 307
1121111222|taxis	911 	 7183
1121111233|taxis	489 	 19663
1121111238|citibike	1230 	 1216
1121111238|taxis	1195 	 36
1121111251|citibike	955 	 5165
1121111251|taxis	684 	 3
1121610001|citibike	651 	 167
1121610001|taxis	2802 	 1
1121610002|citibike	2537 	 108
1121610002|taxis	1728 	 1
1121610003|citibike	1081 	 220
1121610003|taxis	1846 	 1
1121610004|citibike	1396 	 145
1121610004|taxis	2557 	 1
1121610005|taxis	1548 	 16
1121610007|taxis	1256 	 15
1121610009|citibike	1285 	 45
1121610009|taxis	1812 	 1
1121610010|taxis	1283 	 125
1121610011|citibike	3026 	 57
1121610011|taxis	2850 	 1
1121610012|citibike	2035 	 145
1121610012|taxis	1988 	 3
1121610013|citibike	1365 	 83
1121610013|taxis	1772 	 11
1121610014|citibike	1366 	 99
1121610014|taxis	1969 	 1
1121610016|citibike	1778 	 100
1121610016|taxis	2151 	 3
1121610017|taxis	1597 	 65
1121610018|citibike	1600 	 49
1121610018|taxis	3005 	 2
1121610019|taxis	1904 	 32
1121610021|taxis	1955 	 81
1121610022|taxis	1775 	 22
1121610023|taxis	1590 	 56
1121610024|taxis	1803 	 25
1121610028|taxis	2080 	 35
1121610036|taxis	1658 	 19
1121610038|citibike	3435 	 57
1121610038|taxis	1931 	 1
1121610065|taxis	1226 	 31
1121610075|taxis	1582 	 38
1121610280|taxis	1768 	 10
1121610281|taxis	1605 	 5
1121610282|taxis	1156 	 4
1121611101|taxis	1288 	 7
1121611201|citibike	1364 	 53
1121611201|taxis	993 	 49
1121611205|citibike	766 	 567
1121611205|taxis	508 	 65
1121611206|taxis	481 	 810
1121611211|citibike	685 	 780
1121611211|taxis	1102 	 14
1121611216|citibike	731 	 1145
1121611216|taxis	389 	 61
1121611217|citibike	368 	 1842
1121611217|taxis	705 	 24
1121611220|taxis	590 	 610
1121611221|taxis	1355 	 45
1121611222|taxis	735 	 1069
1121611233|taxis	962 	 298
1121611238|citibike	705 	 590
1121611238|taxis	398 	 91
1121611251|citibike	368 	 1117
1121611251|taxis	968 	 8
1121710001|citibike	599 	 9
1121710001|taxis	2669 	 16
1121710002|citibike	1464 	 849
1121710002|taxis	1436 	 23
1121710003|citibike	1002 	 1350
1121710003|taxis	1977 	 28
1121710004|citibike	1149 	 1263
1121710004|taxis	6067 	 9
1121710005|citibike	1051 	 132
1121710005|taxis	1369 	 14
1121710007|citibike	1360 	 161
1121710007|taxis	1480 	 38
1121710009|citibike	1044 	 485
1121710009|taxis	1833 	 10
1121710010|citibike	1187 	 833
1121710010|taxis	2038 	 9
1121710011|citibike	1444 	 507
1121710011|taxis	1952 	 16
1121710012|citibike	1321 	 908
1121710012|taxis	1383 	 26
1121710013|citibike	1148 	 800
1121710013|taxis	1333 	 18
1121710014|citibike	1048 	 1146
1121710014|taxis	1938 	 23
1121710016|citibike	1197 	 720
1121710016|taxis	2041 	 17
1121710017|citibike	1503 	 781
1121710017|taxis	2344 	 20
1121710018|citibike	1499 	 709
1121710018|taxis	3081 	 3
1121710019|citibike	1684 	 325
1121710019|taxis	6031 	 5
1121710021|taxis	1788 	 653
1121710022|citibike	2179 	 305
1121710022|taxis	2402 	 5
1121710023|taxis	1711 	 504
1121710024|taxis	2145 	 239
1121710028|taxis	1894 	 189
1121710036|citibike	1661 	 196
1121710036|taxis	2849 	 2
1121710038|citibike	1695 	 571
1121710038|taxis	1249 	 14
1121710065|taxis	1482 	 302
1121710075|taxis	1544 	 369
1121710280|taxis	1659 	 127
1121710281|citibike	1150 	 88
1121710281|taxis	1423 	 1
1121710282|citibike	1118 	 32
1121710282|taxis	1620 	 1
1121711101|taxis	1127 	 81
1121711201|citibike	1360 	 281
1121711201|taxis	564 	 698
1121711205|citibike	514 	 9115
1121711205|taxis	493 	 486
1121711206|taxis	557 	 3258
1121711211|citibike	1151 	 1258
1121711211|taxis	1642 	 21
1121711216|citibike	1069 	 3082
1121711216|taxis	706 	 27
1121711217|citibike	677 	 2732
1121711217|taxis	723 	 243
1121711220|taxis	405 	 6138
1121711221|taxis	931 	 501
1121711222|taxis	1045 	 1466
1121711233|taxis	1093 	 1011
1121711238|citibike	980 	 806
1121711238|taxis	568 	 284
1121711251|citibike	497 	 4905
1121711251|taxis	759 	 22
1122010001|taxis	639 	 140
1122010002|taxis	1820 	 18
1122010003|taxis	1294 	 17
1122010004|taxis	1225 	 16
1122010005|taxis	909 	 6
1122010007|taxis	15422 	 6
1122010009|taxis	1263 	 8
1122010010|taxis	1455 	 6
1122010011|taxis	1916 	 8
1122010012|taxis	1722 	 11
1122010013|taxis	1122 	 6
1122010014|taxis	1137 	 8
1122010016|taxis	1147 	 7
1122010017|taxis	1378 	 11
1122010018|taxis	1238 	 5
1122010019|taxis	1971 	 5
1122010021|taxis	2295 	 10
1122010022|taxis	1734 	 2
1122010023|taxis	1582 	 11
1122010024|taxis	1592 	 3
1122010028|taxis	1517 	 6
1122010036|taxis	1830 	 1
1122010038|taxis	1737 	 16
1122010065|taxis	1650 	 6
1122010075|taxis	2194 	 8
1122010280|taxis	825 	 3
1122010282|taxis	1387 	 3
1122011101|taxis	1106 	 2
1122011201|taxis	1689 	 7
1122011205|taxis	1694 	 53
1122011206|taxis	4985 	 13
1122011211|taxis	1442 	 38
1122011216|taxis	1596 	 26
1122011217|taxis	1295 	 12
1122011220|taxis	1036 	 53
1122011221|taxis	776 	 465
1122011222|taxis	1578 	 7
1122011233|taxis	1417 	 12
1122011238|taxis	1623 	 2
1122011251|taxis	1130 	 25
1122110001|taxis	1839 	 1
1122110002|taxis	1952 	 87
1122110003|taxis	1222 	 207
1122110004|taxis	1487 	 143
1122110005|taxis	1603 	 10
1122110007|taxis	1680 	 13
1122110009|taxis	1557 	 11
1122110010|taxis	1296 	 97
1122110011|taxis	1547 	 40
1122110012|taxis	1710 	 84
1122110013|taxis	1383 	 56
1122110014|taxis	1384 	 57
1122110016|taxis	2950 	 69
1122110017|taxis	1669 	 55
1122110018|taxis	1838 	 47
1122110019|taxis	2007 	 33
1122110021|taxis	1951 	 39
1122110022|taxis	1488 	 12
1122110023|taxis	1627 	 40
1122110024|taxis	1969 	 12
1122110028|taxis	1801 	 14
1122110036|taxis	1666 	 13
1122110038|taxis	2025 	 60
1122110065|taxis	1454 	 27
1122110075|taxis	2002 	 26
1122110280|taxis	2149 	 9
1122110281|taxis	1570 	 2
1122110282|taxis	1650 	 3
1122111101|taxis	2304 	 4
1122111201|taxis	1415 	 63
1122111205|taxis	1011 	 222
1122111206|taxis	603 	 441
1122111211|taxis	384 	 1328
1122111216|taxis	842 	 1207
1122111217|taxis	665 	 675
1122111220|taxis	1046 	 163
1122111221|taxis	1686 	 20
1122111222|taxis	444 	 1834
1122111233|taxis	900 	 403
1122111238|taxis	624 	 501
1122111251|taxis	749 	 348
1122210001|taxis	911 	 3
1122210002|taxis	1530 	 447
1122210003|taxis	955 	 1174
1122210004|taxis	1251 	 810
1122210005|taxis	1377 	 56
1122210007|taxis	1316 	 68
1122210009|taxis	2249 	 98
1122210010|taxis	1093 	 673
1122210011|taxis	1319 	 233
1122210012|taxis	1497 	 462
1122210013|taxis	1273 	 484
1122210014|taxis	1679 	 371
1122210016|taxis	1522 	 366
1122210017|taxis	1170 	 454
1122210018|taxis	1131 	 322
1122210019|taxis	1461 	 164
1122210021|taxis	1486 	 317
1122210022|taxis	1150 	 179
1122210023|taxis	1135 	 295
1122210024|taxis	1548 	 168
1122210028|taxis	1493 	 166
1122210036|taxis	1279 	 168
1122210038|taxis	1523 	 229
1122210065|taxis	1337 	 106
1122210075|taxis	1067 	 252
1122210280|taxis	1247 	 94
1122210281|taxis	1522 	 37
1122210282|taxis	1502 	 11
1122211101|taxis	1522 	 16
1122211201|taxis	484 	 1854
1122211205|taxis	972 	 847
1122211206|taxis	870 	 756
1122211211|taxis	735 	 2497
1122211216|taxis	488 	 8816
1122211217|taxis	1096 	 729
1122211220|taxis	1044 	 534
1122211221|taxis	1266 	 62
1122211222|taxis	1026 	 1061
1122211233|taxis	396 	 6415
1122211238|taxis	1249 	 172
1122211251|taxis	1042 	 833
1123310001|taxis	748 	 31
1123310002|taxis	1904 	 26
1123310003|taxis	1645 	 24
1123310004|taxis	1634 	 21
1123310005|taxis	2013 	 5
1123310007|taxis	2100 	 3
1123310009|taxis	2036 	 11
1123310010|taxis	1446 	 15
1123310011|taxis	2001 	 7
1123310012|taxis	1245 	 13
1123310013|taxis	1840 	 7
1123310014|taxis	1590 	 22
1123310016|taxis	1692 	 12
1123310017|taxis	1771 	 15
1123310018|taxis	2145 	 10
1123310019|taxis	2376 	 11
1123310021|taxis	1658 	 6
1123310022|taxis	1550 	 4
1123310023|taxis	1435 	 14
1123310024|taxis	1778 	 6
1123310028|taxis	1501 	 4
1123310036|taxis	1776 	 4
1123310038|taxis	1874 	 10
1123310065|taxis	1741 	 8
1123310075|taxis	2417 	 7
1123310280|taxis	354 	 1
1123310282|taxis	1885 	 4
1123311101|taxis	2594 	 1
1123311201|taxis	3098 	 11
1123311205|taxis	1595 	 91
1123311206|taxis	766 	 95
1123311211|taxis	693 	 133
1123311216|taxis	1103 	 105
1123311217|taxis	537 	 273
1123311220|taxis	861 	 78
1123311221|taxis	1705 	 5
1123311222|taxis	752 	 256
1123311233|taxis	1193 	 31
1123311238|taxis	369 	 567
1123311251|taxis	773 	 141
1123810001|citibike	1316 	 2
1123810001|taxis	2483 	 4
1123810002|citibike	1648 	 292
1123810002|taxis	2232 	 41
1123810003|citibike	1247 	 489
1123810003|taxis	3318 	 21
1123810004|citibike	1290 	 440
1123810004|taxis	1443 	 7
1123810005|citibike	1378 	 29
1123810005|taxis	2173 	 6
1123810007|citibike	1212 	 47
1123810007|taxis	4298 	 7
1123810009|citibike	1200 	 101
1123810009|taxis	1685 	 6
1123810010|citibike	1229 	 272
1123810010|taxis	1900 	 2
1123810011|citibike	1547 	 128
1123810011|taxis	2659 	 7
1123810012|citibike	1818 	 261
1123810012|taxis	1936 	 15
1123810013|citibike	1469 	 258
1123810013|taxis	1759 	 24
1123810014|citibike	1099 	 305
1123810014|taxis	9770 	 4
1123810016|citibike	1420 	 253
1123810016|taxis	8826 	 4
1123810017|citibike	1537 	 238
1123810017|taxis	3102 	 1
1123810018|citibike	2483 	 189
1123810018|taxis	2621 	 2
1123810019|taxis	1950 	 68
1123810021|taxis	1896 	 163
1123810022|citibike	1860 	 53
1123810022|taxis	2604 	 2
1123810023|taxis	2130 	 102
1123810024|taxis	2075 	 94
1123810028|taxis	2151 	 47
1123810036|citibike	1905 	 54
1123810036|taxis	2513 	 4
1123810038|citibike	1885 	 127
1123810038|taxis	1260 	 11
1123810065|taxis	1069 	 91
1123810075|taxis	1883 	 102
1123810280|taxis	1949 	 33
1123810281|taxis	1310 	 29
1123810282|taxis	1288 	 11
1123811101|taxis	1276 	 18
1123811201|citibike	1417 	 127
1123811201|taxis	721 	 211
1123811205|citibike	768 	 2060
1123811205|taxis	638 	 295
1123811206|taxis	430 	 1422
1123811211|citibike	814 	 756
1123811211|taxis	1159 	 38
1123811216|citibike	937 	 1612
1123811216|taxis	384 	 87
1123811217|citibike	451 	 1772
1123811217|taxis	436 	 275
1123811220|taxis	402 	 2103
1123811221|taxis	1153 	 137
1123811222|taxis	823 	 857
1123811233|taxis	1029 	 525
1123811238|citibike	930 	 507
1123811238|taxis	645 	 144
1123811251|citibike	409 	 2709
1123811251|taxis	719 	 11
1125110001|citibike	676 	 21
1125110001|taxis	2181 	 2
1125110002|citibike	1626 	 13
1125110002|taxis	1021 	 9
1125110003|citibike	555 	 22
1125110003|taxis	1713 	 2
1125110004|taxis	1062 	 19
1125110005|taxis	1218 	 1
1125110007|citibike	890 	 3
1125110007|taxis	1480 	 2
1125110009|citibike	700 	 19
1125110009|taxis	1184 	 1
1125110010|citibike	1670 	 7
1125110010|taxis	1128 	 1
1125110011|taxis	1242 	 7
1125110012|citibike	8487 	 12
1125110012|taxis	1602 	 3
1125110013|citibike	805 	 17
1125110013|taxis	2051 	 2
1125110014|citibike	869 	 10
1125110014|taxis	2107 	 1
1125110016|taxis	1341 	 9
1125110017|citibike	1291 	 9
1125110017|taxis	1487 	 1
1125110018|taxis	1536 	 5
1125110019|citibike	2407 	 4
1125110019|taxis	2003 	 2
1125110021|taxis	2456 	 7
1125110022|taxis	1543 	 2
1125110023|taxis	1593 	 7
1125110024|taxis	2381 	 3
1125110036|taxis	1567 	 2
1125110038|taxis	1908 	 11
1125110065|taxis	697 	 16
1125110075|taxis	2102 	 1
1125110280|taxis	1147 	 1
1125111101|taxis	1059 	 2
1125111201|citibike	1279 	 1
1125111201|taxis	458 	 82
1125111205|citibike	444 	 229
1125111205|taxis	511 	 14
1125111206|taxis	335 	 16
1125111211|citibike	627 	 19
1125111211|taxis	989 	 15
1125111216|citibike	663 	 67
1125111216|taxis	849 	 5
1125111217|citibike	767 	 9
1125111217|taxis	1406 	 14
1125111220|taxis	546 	 24
1125111221|taxis	628 	 1
1125111222|taxis	938 	 7
1125111233|taxis	777 	 8
1125111238|citibike	979 	 3
1125111238|taxis	869 	 18
1125111251|citibike	659 	 22
1125111251|taxis	258 	 23
